0
135.0,0.0
800.0,100.0
all
Planet:0.0,0.0,100.0,1,0.5,0.0
Planet:-600.0,0.0,100.0,0,-0.5,0.0
moveTo:-400.0,-200.0
curveTo:-400.0,-89.54305003384138,-489.5430500338414,0.0,-600.0,0.0
curveTo:-710.4569499661586,0.0,-800.0,-89.54305003384138,-800.0,-200.0
curveTo:-800.0,-310.4569499661587,-710.4569499661586,-400.0,-600.0,-400.0
curveTo:-489.5430500338414,-400.0,-400.0,-310.4569499661587,-400.0,-200.0
END
Star:-100.0,400.0,200.0,1,0.0,0.0
Portal:70.0,220.0,50.0,1,0.0,0.0
Portal:330.0,-200.0,50.0,1,0.0,0.0
